#wyjasnienia zmiennych w props_with_properties.txt
#Mon Dec 05 00:11:54 CET 2011
D=0.000015
r=0.05
q=1
dt=0.00390625
tc=0.01
low_cut_off=0.4
d=1.0
sens=0.03
c=0.0
b=0.12
a=0.5
high_cut_off=0.8
eps=0.0050
